Report:Best point: 24.02.2021 05:40:00
Left parameters:
	 a = -2.0546313461803716e-06
	 b = 3303.4299558886632
Right parameters:
	 a = 1.9132412101215386e-06
	 b = -3092.5753684036013
Loss: 729.1999338709164